189.26	0.000
189.72	155.000
190.19	255.556
190.65	-63.158
191.12	36.364
191.58	275.000
192.05	-100.000
192.51	-20.000
192.98	-200.000
193.44	81.250
193.91	125.000
194.37	-700.000
194.84	0.000
195.30	300.000
195.76	-100.000
196.23	50.000
196.69	83.333
197.16	94.737
197.62	-90.000
198.09	-41.667
198.55	0.000
199.02	475.000
199.48	18.519
199.94	134.286
200.41	166.667
200.87	39.474
201.34	4.762
201.80	206.250
202.27	37.500
202.73	168.182
203.20	600.000
203.66	346.154
204.12	52.941
204.59	93.103
205.05	100.000
205.52	262.500
205.98	127.273
206.44	159.091
206.91	25.714
207.37	-25.000
207.84	38.889
208.30	16.000
208.77	157.895
209.23	40.000
209.69	-11.765
210.16	0.000
210.62	216.667
211.09	33.333
211.55	4.545
212.01	-111.111
212.48	-155.556
212.94	160.000
213.40	-180.000
213.87	460.000
214.33	380.000
214.80	30.769
215.26	-110.000
215.72	440.000
216.19	-5.263
216.65	19.048
217.12	-100.000
217.58	383.333
218.04	400.000
218.51	-60.000
218.97	-33.333
219.43	127.500
219.90	650.000
220.36	-750.000
220.82	350.000
221.29	-320.000
221.75	28.571
222.22	75.000
222.68	47.826
223.14	-150.000
223.61	-1800.000
224.07	-207.143
224.53	-2100.000
225.00	320.000
225.46	-53.333
225.92	145.714
226.39	153.333
226.85	152.000
227.31	172.727
227.78	55.556
228.24	1000.000
228.70	86.275
229.17	51.064
229.63	-6.250
230.09	57.576
230.56	13.953
231.02	17.073
231.48	64.815
231.94	4.545
232.41	171.429
232.87	100.000
233.33	42.857
233.80	254.545
234.26	-325.000
234.72	-20.000
235.19	229.167
235.65	217.391
236.11	14.286
236.58	533.333
237.04	-140.000
237.50	176.923
237.96	-2500.000
238.43	166.667
238.89	231.250
239.35	-185.714
239.82	-9.091
240.28	-8.333
240.74	640.000
241.20	383.333
241.67	30.435
242.13	87.037
242.59	88.732
243.05	55.556
243.52	-7.692
243.98	20.833
244.44	61.290
244.90	50.746
245.37	-56.522
245.83	-620.000
246.29	400.000
246.76	252.632
247.22	280.000
247.68	153.846
248.14	166.667
248.61	190.476
249.07	7.407
249.53	0.000
249.99	-275.000
250.45	53.226
250.92	48.387
251.38	475.000
251.84	32.143
252.30	-35.714
252.77	57.812
253.23	66.667
253.69	71.429
254.15	52.941
254.62	76.471
255.08	-500.000
255.54	-37.500
256.00	80.000
256.46	70.000
256.93	-450.000
257.39	-61.538
257.85	22.222
258.31	-76.923
258.77	-700.000
259.24	46.512
259.70	40.351
260.16	-62.500
260.62	128.947
261.08	144.444
261.55	100.000
262.01	566.667
262.47	-44.444
262.93	47.500
263.39	0.000
263.86	176.190
264.32	-400.000
264.78	157.143
265.24	-90.909
265.70	-4.348
266.16	47.619
266.63	-23.529
267.09	50.000
267.55	52.632
268.01	700.000
268.47	250.000
268.93	-214.286
269.40	312.500
269.86	65.625
270.32	60.526
270.78	550.000
271.24	27.778
271.70	34.615
272.16	57.576
272.63	30.769
273.09	128.571
273.55	100.000
274.01	25.926
274.47	3100.000
274.93	-300.000
275.39	222.222
275.86	128.571
276.32	100.000
276.78	56.250
277.24	58.621
277.70	5.263
278.16	-50.000
278.62	40.000
279.08	-92.857
279.55	-62.500
280.01	25.806
280.47	35.897
280.93	52.000
281.39	34.615
281.85	-100.000
282.31	14.286
282.77	-0.000
283.23	236.364
283.70	250.000
284.16	320.000
284.62	70.732
285.08	18.367
285.54	-600.000
286.00	121.622
286.46	236.842
286.92	-83.333
287.38	40.000
287.84	225.000
288.30	-950.000
288.76	119.565
289.23	140.909
289.69	113.793
290.15	72.973
290.61	78.378
291.07	72.581
291.53	98.246
291.99	104.167
292.45	13.043
292.91	575.000
293.37	533.333
293.83	-200.000
294.29	153.846
294.75	400.000
295.21	104.000
295.67	48.571
296.13	-500.000
296.59	100.000
297.06	133.333
297.52	100.000
297.98	50.000
298.44	76.389
298.90	58.824
299.36	140.625
299.82	124.324
300.28	80.435
300.74	58.824
301.20	54.545
301.66	-115.385
302.12	56.250
302.58	107.407
303.04	39.130
303.50	2100.000
303.96	3600.000
304.42	44.444
304.88	93.750
305.34	46.667
305.80	44.068
306.26	68.056
306.72	58.824
307.18	0.000
307.64	114.286
308.10	160.870
308.56	147.619
309.02	131.579
309.48	59.259
309.94	75.000
310.40	44.000
310.86	50.000
311.32	61.111
311.78	78.000
312.24	58.333
312.70	240.000
313.16	6.897
313.62	33.333
314.08	67.391
314.54	-7.143
315.00	-72.727
315.46	67.742
315.91	56.667
316.37	65.714
316.83	59.091
317.29	8.333
317.75	181.818
318.21	50.000
318.67	79.310
319.13	51.852
319.59	55.738
320.05	62.500
320.51	55.882
320.97	320.000
321.43	166.667
321.89	-25.000
322.35	0.000
322.81	-33.333
323.27	79.412
323.72	79.412
324.18	16.667
324.64	-142.857
325.10	-140.000
325.56	37.931
326.02	87.500
326.48	-220.000
326.94	62.500
327.40	-25.000
327.86	-23.529
328.32	64.865
328.78	400.000
329.23	76.190
329.69	91.111
330.15	75.000
330.61	-500.000
331.07	73.810
331.53	55.172
331.99	-47.059
332.45	42.105
332.91	8.696
333.36	400.000
333.82	23.810
334.28	56.522
334.74	53.191
335.20	39.130
335.66	-20.000
336.12	-4.762
336.58	57.500
337.03	91.304
337.49	102.326
337.95	56.250
338.41	200.000
338.87	400.000
339.33	91.304
339.79	112.500
340.24	200.000
340.70	110.526
341.16	23.810
341.62	500.000
342.08	-92.857
342.54	29.412
342.99	71.111
343.45	76.786
343.91	44.000
344.37	-44.444
344.83	29.167
345.29	83.333
345.74	500.000
346.20	-57.143
346.66	21.429
347.12	48.000
347.58	-400.000
348.04	-9.091
348.49	80.000
348.95	90.141
349.41	300.000
349.87	-125.000
350.33	-20.000
350.78	68.333
351.24	75.000
351.70	90.000
352.16	59.322
352.62	-23.810
353.07	200.000
353.53	-18.182
353.99	238.462
354.45	76.000
354.91	71.429
355.36	160.000
355.82	125.000
356.28	93.103
356.74	-200.000
357.19	45.833
357.65	-1100.000
358.11	0.000
358.57	69.767
359.03	-63.636
359.48	340.000
359.94	141.509
360.40	285.714
360.86	76.190
361.31	62.745
361.77	55.172
362.23	57.143
362.69	77.358
363.14	64.706
363.60	92.857
364.06	76.563
364.52	55.385
364.97	54.000
365.43	60.684
365.89	69.697
366.34	67.059
366.80	69.630
367.26	76.510
367.72	80.723
368.17	83.041
368.63	71.765
369.09	55.970
369.55	64.324
370.00	68.391
370.46	67.380
370.92	75.688
371.37	71.600
371.83	71.429
372.29	74.930
372.75	79.552
373.20	77.465
373.66	81.593
374.12	79.052
374.57	78.664
375.03	85.714
375.49	80.507
375.94	80.663
376.40	82.665
376.86	81.876
377.31	80.712
377.77	79.248
378.23	84.457
378.68	81.266
379.14	80.818
379.60	83.863
380.06	82.670
380.51	82.456
380.97	78.873
381.43	85.135
381.88	84.171
382.34	88.596
382.79	87.119
383.25	87.558
383.71	86.131
384.16	86.635
384.62	88.577
385.08	87.953
385.53	88.390
385.99	87.450
386.45	88.760
386.90	88.474
387.36	88.950
387.82	88.667
388.27	89.254
388.73	88.641
389.18	88.848
389.64	91.242
390.10	90.453
390.55	90.284
391.01	89.730
391.47	90.249
391.92	90.849
392.38	89.710
392.83	91.283
393.29	91.530
393.75	89.231
394.20	91.735
394.66	91.870
395.11	90.825
395.57	90.847
396.03	91.649
396.48	91.568
396.94	91.170
397.39	92.278
397.85	92.812
398.31	92.762
398.76	91.435
399.22	92.258
399.67	92.450
400.13	91.793
400.58	91.532
401.04	91.837
401.50	90.885
401.95	92.866
402.41	92.160
402.86	92.461
403.32	92.723
403.77	92.364
404.23	92.614
404.69	92.294
405.14	93.855
405.60	94.148
406.05	93.494
406.51	92.208
406.96	92.959
407.42	93.991
407.87	93.082
408.33	93.788
408.78	92.807
409.24	94.033
409.69	93.747
410.15	94.222
410.61	93.882
411.06	93.662
411.52	93.912
411.97	92.868
412.43	93.032
412.88	93.495
413.34	94.163
413.79	94.345
414.25	93.698
414.70	93.423
415.16	94.074
415.61	94.201
416.07	93.578
416.52	93.112
416.98	94.305
417.43	94.581
417.89	94.157
418.34	94.485
418.80	94.144
419.25	93.335
419.71	94.116
420.16	93.931
420.62	93.422
421.07	94.927
421.53	94.590
421.98	94.134
422.43	94.691
422.89	94.049
423.34	94.433
423.80	94.932
424.25	94.118
424.71	94.824
425.16	94.611
425.62	94.973
426.07	94.163
426.53	95.088
426.98	94.506
427.43	94.628
427.89	93.564
428.34	94.544
428.80	93.790
429.25	95.120
429.71	94.972
430.16	94.606
430.62	95.219
431.07	94.816
431.52	94.718
431.98	95.057
432.43	95.898
432.89	95.277
433.34	94.889
433.79	94.900
434.25	95.287
434.70	95.241
435.16	94.764
435.61	95.262
436.07	94.619
436.52	94.911
436.97	94.671
437.43	94.804
437.88	94.780
438.34	95.253
438.79	94.285
439.24	95.554
439.70	95.524
440.15	95.981
440.60	95.122
441.06	96.114
441.51	95.671
441.97	95.536
442.42	95.028
442.87	94.688
443.33	95.716
443.78	95.399
444.23	95.115
444.69	95.200
445.14	95.030
445.60	94.950
446.05	95.502
446.50	94.918
446.96	95.226
447.41	94.920
447.86	95.277
448.32	95.714
448.77	95.778
449.22	96.716
449.68	95.740
450.13	96.060
450.58	96.128
451.04	96.073
451.49	96.300
451.94	96.046
452.40	96.140
452.85	96.564
453.30	95.566
453.76	96.148
454.21	96.237
454.66	96.050
455.12	95.983
455.57	95.990
456.02	96.859
456.47	95.495
456.93	96.123
457.38	96.012
457.83	95.918
458.29	96.894
458.74	96.680
459.19	96.327
459.64	96.305
460.10	95.525
460.55	96.019
461.00	95.815
461.46	95.500
461.91	96.163
462.36	96.629
462.81	96.767
463.27	96.605
463.72	96.820
464.17	96.543
464.63	96.820
465.08	96.183
465.53	95.832
465.98	96.478
466.44	96.297
466.89	96.577
467.34	96.525
467.79	96.549
468.25	96.607
468.70	96.497
469.15	96.707
469.60	96.965
470.06	96.568
470.51	96.627
470.96	96.606
471.41	96.370
471.86	96.385
472.32	96.794
472.77	96.785
473.22	97.050
473.67	96.746
474.13	97.010
474.58	96.580
475.03	96.308
475.48	96.322
475.93	97.080
476.39	96.699
476.84	96.796
477.29	96.996
477.74	97.252
478.19	96.682
478.65	96.330
479.10	96.829
479.55	96.633
480.00	97.044
480.45	96.956
480.91	97.168
481.36	97.300
481.81	96.918
482.26	96.729
482.71	96.389
483.16	96.647
483.62	96.458
484.07	96.618
484.52	96.584
484.97	96.169
485.42	96.997
485.87	96.719
486.33	97.048
486.78	97.093
487.23	97.128
487.68	97.280
488.13	96.705
488.58	96.590
489.03	97.124
489.49	96.671
489.94	96.813
490.39	96.875
490.84	96.613
491.29	97.188
491.74	96.803
492.19	96.857
492.64	96.969
493.10	97.165
493.55	96.850
494.00	97.006
494.45	96.934
494.90	96.965
495.35	97.204
495.80	97.167
496.25	97.074
496.70	96.918
497.16	96.780
497.61	96.902
498.06	96.552
498.51	97.202
498.96	97.512
499.41	97.431
499.86	96.510
500.31	96.667
500.76	96.874
501.21	97.415
501.66	97.951
502.11	97.421
502.57	97.324
503.02	97.151
503.47	96.827
503.92	96.939
504.37	96.820
504.82	97.285
505.27	97.166
505.72	97.572
506.17	97.754
506.62	97.348
507.07	97.407
507.52	97.750
507.97	98.051
508.42	97.283
508.87	97.253
509.32	97.461
509.77	97.247
510.22	96.667
510.67	96.809
511.12	96.980
511.58	96.994
512.03	97.332
512.48	97.020
512.93	97.478
513.38	97.613
513.83	98.027
514.28	97.656
514.73	97.948
515.18	97.484
515.63	96.782
516.08	97.205
516.53	96.709
516.98	97.346
517.43	97.690
517.88	97.508
518.33	97.338
518.78	97.472
519.23	97.371
519.68	97.247
520.13	97.449
520.58	97.646
521.02	97.711
521.47	97.379
521.92	97.470
522.37	97.200
522.82	97.565
523.27	97.837
523.72	97.842
524.17	97.868
524.62	97.731
525.07	97.567
525.52	97.330
525.97	97.547
526.42	97.357
526.87	97.878
527.32	97.585
527.77	97.850
528.22	98.025
528.67	97.712
529.12	97.127
529.57	98.015
530.02	97.388
530.46	98.197
530.91	98.267
531.36	97.859
531.81	97.144
532.26	97.320
532.71	97.458
533.16	97.279
533.61	97.398
534.06	97.601
534.51	97.751
534.96	97.520
535.41	97.923
535.85	97.751
536.30	97.677
536.75	97.403
537.20	97.852
537.65	98.163
538.10	97.427
538.55	97.948
539.00	97.726
539.45	98.251
539.89	97.379
540.34	98.215
540.79	97.667
541.24	97.707
541.69	97.983
542.14	97.810
542.59	98.143
543.03	98.010
543.48	97.938
543.93	98.572
544.38	98.011
544.83	98.418
545.28	98.226
545.73	98.052
546.17	97.908
546.62	97.667
547.07	97.541
547.52	97.696
547.97	97.443
548.42	97.955
548.86	97.745
549.31	97.962
549.76	97.919
550.21	97.372
550.66	97.546
551.11	97.919
551.55	98.185
552.00	97.975
552.45	98.116
552.90	97.882
553.35	97.679
553.79	97.902
554.24	97.844
554.69	98.131
555.14	98.340
555.59	97.592
556.03	98.132
556.48	97.634
556.93	97.866
557.38	97.870
557.83	98.343
558.27	97.670
558.72	97.573
559.17	97.376
559.62	97.317
560.06	97.041
560.51	97.635
560.96	97.724
561.41	97.643
561.85	97.459
562.30	97.705
562.75	97.777
563.20	98.053
563.64	97.953
564.09	97.533
564.54	97.508
564.99	98.194
565.43	98.181
565.88	98.529
566.33	97.312
566.78	98.174
567.22	97.949
567.67	98.253
568.12	97.450
568.57	98.010
569.01	97.703
569.46	98.107
569.91	97.773
570.35	97.901
570.80	97.831
571.25	97.923
571.70	98.066
572.14	97.541
572.59	97.601
573.04	98.089
573.48	97.711
573.93	97.768
574.38	97.723
574.82	98.227
575.27	97.829
575.72	98.084
576.17	97.914
576.61	98.199
577.06	98.415
577.51	97.821
577.95	98.090
578.40	98.300
578.85	97.886
579.29	97.511
579.74	98.105
580.19	98.494
580.63	98.914
581.08	98.400
581.53	98.344
581.97	98.827
582.42	98.020
582.86	97.971
583.31	98.575
583.76	99.147
584.20	98.559
584.65	98.297
585.10	98.203
585.54	98.503
585.99	98.711
586.44	97.458
586.88	98.433
587.33	98.747
587.77	98.501
588.22	98.783
588.67	98.279
589.11	98.894
589.56	98.225
590.00	98.678
590.45	98.141
590.90	98.256
591.34	97.982
591.79	98.412
592.23	97.775
592.68	98.228
593.13	98.229
593.57	98.663
594.02	98.207
594.46	98.066
594.91	97.975
595.36	98.947
595.80	98.621
596.25	98.340
596.69	98.341
597.14	98.574
597.58	97.725
598.03	98.392
598.48	98.161
598.92	97.976
599.37	97.638
599.81	98.058
600.26	97.894
600.70	98.289
601.15	98.464
601.59	98.152
602.04	98.360
602.48	97.685
602.93	98.260
603.38	98.719
603.82	98.958
604.27	98.607
604.71	98.532
605.16	97.900
605.60	98.001
606.05	98.318
606.49	97.827
606.94	97.789
607.38	98.276
607.83	98.072
608.27	98.284
608.72	97.739
609.16	98.349
609.61	98.213
610.05	98.536
610.50	98.346
610.94	98.165
611.39	98.131
611.83	98.807
612.28	98.252
612.72	98.764
613.17	98.528
613.61	98.762
614.06	98.326
614.50	98.353
614.95	98.100
615.39	98.410
615.83	97.906
616.28	98.287
616.72	97.978
617.17	98.097
617.61	98.500
618.06	98.344
618.50	98.983
618.95	98.468
619.39	98.590
619.83	98.189
620.28	98.473
620.72	97.511
621.17	98.592
621.61	98.631
622.06	98.548
622.50	98.586
622.95	97.928
623.39	98.762
623.83	99.221
624.28	98.958
624.72	99.084
625.17	99.071
625.61	98.446
626.05	98.720
626.50	99.048
626.94	98.871
627.39	98.414
627.83	98.297
628.27	98.787
628.72	98.279
629.16	99.034
629.61	98.350
630.05	97.480
630.49	97.739
630.94	98.240
631.38	99.637
631.82	99.294
632.27	98.960
632.71	99.215
633.16	98.510
633.60	99.167
634.04	98.778
634.49	98.706
634.93	98.561
635.37	99.183
635.82	98.265
636.26	98.485
636.70	98.147
637.15	98.537
637.59	98.081
638.03	99.000
638.48	98.449
638.92	99.200
639.36	99.133
639.81	98.722
640.25	98.872
640.69	98.812
641.14	98.923
641.58	98.916
642.02	97.911
642.47	98.699
642.91	99.450
643.35	99.214
643.80	98.554
644.24	98.413
644.68	98.307
645.12	99.305
645.57	98.438
646.01	99.449
646.45	98.444
646.90	98.559
647.34	98.814
647.78	98.527
648.22	98.507
648.67	98.488
649.11	99.642
649.55	98.555
650.00	99.209
650.44	98.805
650.88	98.784
651.32	99.686
651.77	99.581
652.21	99.142
652.65	99.337
653.09	98.815
653.54	98.423
653.98	98.391
654.42	98.414
654.86	99.344
655.31	98.682
655.75	98.678
656.19	97.878
656.63	99.101
657.07	98.650
657.52	99.351
657.96	98.922
658.40	98.978
658.84	97.931
659.29	98.606
659.73	98.861
660.17	98.334
660.61	99.161
661.05	98.108
661.50	98.188
661.94	98.802
662.38	98.266
662.82	98.233
663.26	98.212
663.71	98.351
664.15	98.065
664.59	97.833
665.03	97.705
665.47	98.325
665.92	98.763
666.36	97.711
666.80	98.054
667.24	98.079
667.68	98.369
668.12	98.127
668.57	98.410
669.01	98.454
669.45	97.669
669.89	97.622
670.33	98.556
670.77	98.376
671.21	98.545
671.66	98.330
672.10	98.463
672.54	98.261
672.98	98.654
673.42	98.385
673.86	97.355
674.30	97.132
674.74	97.719
675.19	98.020
675.63	97.901
676.07	97.775
676.51	98.670
676.95	98.381
677.39	98.170
677.83	97.787
678.27	97.893
678.72	97.976
679.16	98.529
679.60	97.733
680.04	98.092
680.48	97.910
680.92	97.984
681.36	97.911
681.80	98.169
682.24	98.107
682.68	98.607
683.12	98.973
683.56	98.826
684.01	98.628
684.45	98.632
684.89	97.768
685.33	97.311
685.77	97.700
686.21	97.326
686.65	97.914
687.09	98.095
687.53	97.971
687.97	98.032
688.41	98.210
688.85	98.102
689.29	98.634
689.73	98.280
690.17	98.118
690.61	98.604
691.05	98.060
691.49	98.010
691.93	98.935
692.37	98.052
692.81	98.833
693.25	98.600
693.69	98.136
694.13	98.224
694.57	97.985
695.01	98.418
695.45	99.295
695.89	98.086
696.33	98.530
696.77	98.000
697.21	98.706
697.65	98.984
698.09	98.446
698.53	98.289
698.97	97.787
699.41	98.816
699.85	98.481
700.29	97.509
700.73	98.209
701.17	98.058
701.61	97.796
702.05	98.861
702.49	98.633
702.93	98.515
703.37	98.975
703.81	98.910
704.25	98.967
704.69	98.159
705.13	98.501
705.57	98.970
706.01	98.969
706.45	98.527
706.89	98.056
707.32	98.777
707.76	99.528
708.20	98.899
708.64	98.093
709.08	98.831
709.52	99.267
709.96	99.179
710.40	98.745
710.84	99.020
711.28	99.224
711.72	98.741
712.16	98.708
712.59	99.098
713.03	99.200
713.47	98.516
713.91	99.005
714.35	99.134
714.79	99.131
715.23	98.858
715.67	98.606
716.11	98.788
716.54	99.105
716.98	99.714
717.42	98.544
717.86	98.375
718.30	99.214
718.74	99.353
719.18	98.778
719.61	99.727
720.05	98.778
720.49	99.221
720.93	99.383
721.37	98.674
721.81	97.956
722.25	99.074
722.68	98.998
723.12	99.180
723.56	98.705
724.00	100.497
724.44	99.903
724.88	99.471
725.31	99.496
725.75	97.997
726.19	99.692
726.63	99.264
727.07	98.215
727.50	99.359
727.94	99.540
728.38	99.362
728.82	98.906
729.26	99.446
729.69	98.743
730.13	99.198
730.57	99.803
731.01	99.431
731.45	98.830
731.88	99.531
732.32	100.557
732.76	99.184
733.20	100.145
733.63	99.006
734.07	98.374
734.51	99.783
734.95	99.321
735.38	100.041
735.82	98.982
736.26	99.172
736.70	98.855
737.13	98.847
737.57	100.206
738.01	98.931
738.45	99.623
738.88	99.302
739.32	98.986
739.76	99.411
740.20	98.802
740.63	98.444
741.07	99.790
741.51	98.424
741.95	100.293
742.38	99.154
742.82	99.816
743.26	99.846
743.69	99.862
744.13	98.331
744.57	98.975
745.01	100.211
745.44	99.432
745.88	98.810
746.32	99.128
746.75	99.907
747.19	99.189
747.63	100.170
748.06	100.770
748.50	99.476
748.94	99.705
749.37	99.648
749.81	99.135
750.25	99.860
750.68	99.656
751.12	99.311
751.56	99.415
751.99	100.232
752.43	100.451
752.87	98.777
753.30	100.241
753.74	100.795
754.18	98.024
754.61	99.442
755.05	99.705
755.48	98.712
755.92	98.747
756.36	99.570
756.79	99.203
757.23	100.024
757.67	99.384
758.10	99.827
758.54	99.226
758.97	97.956
759.41	98.261
759.85	98.528
760.28	98.034
760.72	99.366
761.15	99.496
761.59	98.900
762.03	99.125
762.46	99.338
762.90	100.316
763.33	100.311
763.77	99.187
764.21	99.791
764.64	98.741
765.08	98.154
765.51	99.849
765.95	101.186
766.38	100.439
766.82	99.717
767.26	99.068
767.69	99.514
768.13	101.881
768.56	98.251
769.00	100.437
769.43	100.810
769.87	100.868
770.30	100.035
770.74	99.894
771.18	100.769
771.61	98.102
772.05	100.487
772.48	99.807
772.92	97.267
773.35	100.080
773.79	100.401
774.22	98.267
774.66	99.758
775.09	100.865
775.53	100.000
775.96	99.783
776.40	101.596
776.83	98.840
777.27	100.044
777.70	98.068
778.14	98.457
778.57	99.206
779.01	99.056
779.44	99.235
779.88	97.796
780.31	98.542
780.75	99.903
781.18	98.452
781.62	97.230
782.05	99.181
782.48	97.038
782.92	100.585
783.35	99.252
783.79	97.191
784.22	99.337
784.66	99.226
785.09	97.800
785.53	99.535
785.96	98.960
786.40	100.716
786.83	101.789
787.26	100.546
787.70	99.876
788.13	97.509
788.57	101.360
789.00	99.603
789.44	97.742
789.87	99.143
790.30	100.408
790.74	97.190
791.17	95.822
791.61	98.457
792.04	99.066
792.47	100.000
792.91	100.429
793.34	95.286
793.78	103.111
794.21	98.599
794.64	97.941
795.08	98.742
795.51	100.700
795.94	98.642
796.38	99.497
796.81	100.336
797.25	98.881
797.68	98.995
798.11	99.000
798.55	98.298
798.98	97.667
799.41	101.662
799.85	97.516
800.28	97.534
800.71	96.593
801.15	99.360
801.58	99.719
802.01	100.799
802.45	97.948
802.88	99.053
803.31	101.804
803.75	102.419
804.18	101.068
804.61	98.272
805.05	98.854
805.48	99.689
805.91	100.637
806.35	100.662
806.78	99.266
807.21	101.947
807.65	95.553
808.08	96.316
808.51	98.451
808.95	101.482
809.38	99.075
809.81	97.322
810.24	96.744
810.68	97.055
811.11	94.725
811.54	96.794
811.97	99.622
812.41	100.600
812.84	100.649
813.27	100.952
813.71	103.358
814.14	100.577
814.57	100.140
815.00	100.576
815.44	98.426
815.87	104.622
816.30	98.151
816.73	102.521
817.17	95.771
817.60	94.422
818.03	96.848
818.46	100.154
818.89	97.126
819.33	100.765
819.76	98.548
820.19	97.893
820.62	99.846
821.06	102.102
821.49	98.901
821.92	98.910
822.35	98.903
822.78	97.910
823.22	100.725
823.65	96.071
824.08	96.416
824.51	99.642
824.94	94.107
825.38	102.091
825.81	99.810
826.24	92.072
826.67	96.133
827.10	99.232
827.53	103.656
827.97	99.002
828.40	101.296
828.83	98.048
829.26	99.795
829.69	102.760
830.12	93.706
830.56	95.506
830.99	96.000
831.42	98.202
831.85	96.644
832.28	95.089
832.71	98.214
833.14	93.333
833.58	97.059
834.01	97.150
834.44	98.578
834.87	97.264
835.30	100.787
835.73	93.500
836.16	95.745
836.59	102.743
837.03	99.476
837.46	101.729
837.89	103.467
838.32	94.148
838.75	91.892
839.18	89.807
839.61	95.122
840.04	93.333
840.47	103.812
840.90	101.223
841.33	100.917
841.77	103.395
842.20	95.667
842.63	98.997
843.06	95.380
843.49	93.137
843.92	98.392
844.35	89.869
844.78	86.038
845.21	96.429
845.64	92.361
846.07	96.617
846.50	94.516
846.93	91.418
847.36	92.857
847.79	91.803
848.22	99.582
848.65	93.913
849.08	92.373
849.51	101.509
849.94	96.813
850.37	95.489
850.80	103.256
851.23	108.466
851.66	104.525
852.09	105.294
852.53	97.396
852.96	94.118
853.39	95.939
853.81	105.000
854.24	93.434
854.67	102.703
855.10	91.284
855.53	100.000
855.96	104.206
856.39	100.490
856.82	85.549
857.25	97.044
857.68	98.742
858.11	98.438
858.54	91.892
858.97	94.231
859.40	93.889
859.83	92.262
860.26	112.048
860.69	101.087
861.12	94.118
861.55	92.571
861.98	85.366
862.41	87.978
862.84	93.182
863.27	87.970
863.70	110.619
864.13	92.647
864.55	89.362
864.98	92.562
865.41	87.611
865.84	95.588
866.27	89.506
866.70	85.161
867.13	82.576
867.56	82.203
867.99	73.832
868.42	77.049
868.85	86.555
869.27	99.286
869.70	95.536
870.13	93.913
870.56	81.522
870.99	75.177
871.42	113.462
871.85	93.878
872.28	96.667
872.70	91.549
873.13	79.646
873.56	65.333
873.99	69.231
874.42	90.789
874.85	103.333
875.28	83.146
875.70	82.813
876.13	67.347
876.56	96.330
876.99	100.000
877.42	180.000
877.85	81.538
878.27	80.682
878.70	79.070
879.13	85.714
879.56	78.261
879.99	86.111
880.42	66.667
880.84	84.058
881.27	77.143
881.70	80.435
882.13	102.740
882.56	55.932
882.98	75.824
883.41	75.000
883.84	-3.333
884.27	69.355
884.70	75.410
885.12	67.647
885.55	50.000
885.98	55.814
886.41	22.222
886.83	74.468
887.26	-17.857
887.69	-3.030
888.12	-125.000
888.55	50.000
888.97	150.000
889.40	75.610
889.83	90.909
890.26	131.250
890.68	80.702
891.11	67.391
891.54	86.111
891.96	72.727
892.39	54.286
892.82	48.333
893.25	11.111
893.67	73.913
894.10	64.444
894.53	35.714
894.96	81.633
895.38	46.667
895.81	50.000
896.24	72.222
896.66	48.387
897.09	-38.889
897.52	128.571
897.94	1300.000
898.37	-214.286
898.80	109.091
899.23	40.000
899.65	-150.000
900.08	125.806
900.51	60.000
900.93	58.065
901.36	0.000
901.79	45.455
902.21	67.647
902.64	300.000
903.07	380.000
903.49	48.276
903.92	500.000
904.35	253.846
904.77	148.148
905.20	200.000
905.62	142.105
906.05	-800.000
906.48	85.714
906.90	95.833
907.33	-400.000
907.76	30.000
908.18	300.000
908.61	-2.941
909.03	358.333
909.46	325.000
909.89	-342.857
910.31	23.810
910.74	74.074
911.17	150.000
911.59	225.000
912.02	350.000
912.44	100.000
912.87	105.882
913.29	90.323
913.72	-300.000
914.15	-14.286
914.57	65.306
915.00	76.190
915.42	88.571
915.85	97.872
916.28	76.316
916.70	312.500
917.13	142.857
917.55	121.875
917.98	89.189
918.40	500.000
918.83	-47.059
919.25	86.207
919.68	-150.000
920.10	3300.000
920.53	430.000
920.96	475.000
921.38	-46.154
921.81	-36.842
922.23	25.000
922.66	57.143
923.08	38.462
923.51	140.741
923.93	118.182
924.36	77.778
924.78	42.857
925.21	45.455
925.63	44.444
926.06	212.500
926.48	-210.000
926.91	-93.750
927.33	74.074
927.76	26.829
928.18	220.000
928.61	-33.333
929.03	69.565
929.46	36.735
929.88	83.333
930.30	-125.000
930.73	-45.455
931.15	84.211
931.58	124.138
932.00	-125.000
932.43	79.592
932.85	11.765
933.28	60.976
933.70	54.348
934.13	-250.000
934.55	-250.000
934.97	-88.889
935.40	4.762
935.82	-111.111
936.25	-44.444
936.67	33.333
937.10	11.111
937.52	29.167
937.94	5.556
938.37	-33.333
938.79	45.455
939.22	-171.429
939.64	1100.000
940.06	29.412
940.49	0.000
940.91	-290.000
941.34	-77.778
941.76	39.130
942.18	78.723
942.61	169.231
943.03	266.667
943.45	300.000
943.88	-60.000
944.30	-300.000
944.73	263.636
945.15	12.903
945.57	-7.143
946.00	42.857
946.42	53.333
946.84	-500.000
947.27	-90.000
947.69	-50.000
948.11	32.258
948.54	55.738
948.96	-30.769
949.38	44.444
949.81	54.545
950.23	-36.364
950.65	0.000
951.08	69.048
951.50	-64.706
951.92	188.889
952.35	-31.250
952.77	-128.571
953.19	51.613
953.61	51.852
954.04	236.364
954.46	137.143
954.88	-100.000
955.31	-40.000
955.73	-84.615
956.15	-58.824
956.57	-100.000
957.00	62.500
957.42	5.882
957.84	0.000
958.27	95.652
958.69	-100.000
959.11	34.783
959.53	280.000
959.96	114.286
960.38	47.368
960.80	-133.333
961.22	103.333
961.65	-300.000
962.07	64.516
962.49	65.625
962.91	100.000
963.33	61.538
963.76	-50.000
964.18	-266.667
964.60	-700.000
965.02	26.087
965.45	-38.462
965.87	-100.000
966.29	600.000
966.71	164.000
967.13	152.941
967.56	93.750
967.98	-500.000
968.40	-425.000
968.82	-83.333
969.24	122.222
969.67	66.667
970.09	657.143
970.51	0.000
970.93	60.000
971.35	-200.000
971.77	-68.421
972.20	-400.000
972.62	293.333
973.04	50.000
973.46	35.000
973.88	85.185
974.30	58.065
974.72	-450.000
975.15	153.125
975.57	107.143
975.99	900.000
976.41	90.000
976.83	166.667
977.25	142.105
977.67	381.818
978.10	750.000
978.52	-675.000
978.94	-800.000
979.36	222.222
979.78	150.000
980.20	77.778
980.62	650.000
981.04	580.000
981.46	130.769
981.88	250.000
982.31	134.483
982.73	700.000
983.15	42.105
983.57	164.706
983.99	21.053
984.41	55.556
984.83	33.333
985.25	162.500
985.67	122.222
986.09	9.091
986.51	187.500
986.93	12.500
987.35	100.000
987.77	66.667
988.19	43.590
988.62	290.000
989.04	157.692
989.46	-61.111
989.88	-475.000
990.30	185.714
990.72	460.000
991.14	186.364
991.56	216.000
991.98	-150.000
992.40	14.706
992.82	72.581
993.24	-26.087
993.66	-14.286
994.08	-60.000
994.50	31.250
994.92	-16.667
995.34	100.000
995.76	100.000
996.18	-120.000
996.60	111.538
997.02	-22.222
997.44	223.077
997.86	182.353
998.28	211.765
998.70	-200.000
999.12	81.579
999.53	18.750
999.95	26.316
1000.37	14.286
1000.79	105.882
1001.21	80.952
1001.63	340.000
1002.05	800.000
1002.47	178.261
1002.89	166.667
1003.31	333.333
1003.73	160.606
1004.15	14.286
1004.57	14.286
1004.99	-400.000
1005.41	133.333
1005.83	-37.500
1006.24	-21.429
1006.66	188.235
1007.08	250.000
1007.50	0.000
1007.92	156.522
1008.34	140.909
1008.76	130.233
1009.18	-175.000
1009.60	90.000
1010.01	112.727
1010.43	-140.000
1010.85	-50.000
1011.27	-87.500
1011.69	186.364
1012.11	-580.000
1012.53	327.273
1012.95	325.000
1013.36	96.429
1013.78	150.000
1014.20	109.677
1014.62	110.294
1015.04	145.161
1015.46	-800.000
1015.87	162.500
1016.29	350.000
1016.71	290.000
1017.13	260.000
1017.55	-33.333
1017.97	83.333
1018.38	177.778
1018.80	51.282
1019.22	9.375
1019.64	153.488
1020.06	-625.000
1020.47	171.429
1020.89	250.000
1021.31	322.222
1021.73	-18.182
1022.15	15.385
1022.56	41.176
1022.98	380.000
1023.40	123.529
1023.82	800.000
1024.24	170.833
1024.65	-257.143
1025.07	125.806
1025.49	78.571
1025.91	216.667
1026.32	128.889
1026.74	157.692
1027.16	120.000
1027.58	-17.647
1027.99	104.545
1028.41	150.000
1028.83	167.742
1029.25	425.000
1029.66	-38.889
1030.08	-225.000
1030.50	200.000
1030.92	500.000
1031.33	33.333
1031.75	138.095
1032.17	235.294
1032.58	300.000
1033.00	200.000
1033.42	100.000
1033.83	-133.333
1034.25	140.741
1034.67	121.818
1035.09	158.824
1035.50	91.667
1035.92	-14.286
1036.34	-128.571
1036.75	-233.333
1037.17	145.946
1037.59	-175.000
1038.00	152.941
1038.42	32.000
1038.84	800.000
1039.25	196.667
1039.67	159.259
1040.09	1750.000
1040.50	181.818
1040.92	66.667
1041.34	-500.000
1041.75	81.818
1042.17	78.571
1042.58	550.000
1043.00	-80.000
1043.42	0.000
1043.83	96.296
1044.25	-60.000
1044.67	100.000
1045.08	-375.000
1045.50	-73.913
1045.91	-55.556
1046.33	485.714
1046.75	22.222
1047.16	122.222
1047.58	75.610
1047.99	-3.125
1048.41	318.182
1048.83	47.619
1049.24	112.500
1049.66	65.116
1050.07	450.000
1050.49	0.000
1050.90	250.000
1051.32	-3200.000
1051.74	60.000
1052.15	147.368
1052.57	157.143
1052.98	214.286
1053.40	0.000
1053.81	383.333
1054.23	283.333
1054.64	166.667
1055.06	148.000
1055.47	87.179
1055.89	-63.636
1056.30	-400.000
1056.72	0.000
1057.14	17.647
1057.55	-277.778
1057.97	-22.222
1058.38	40.000
1058.80	88.000
1059.21	260.000
1059.63	-50.000
1060.04	-150.000
1060.46	260.000
1060.87	200.000
1061.29	400.000
1061.70	132.000
1062.12	82.143
1062.53	131.579
1062.94	-216.667
1063.36	-84.615
1063.77	366.667
1064.19	209.091
1064.60	220.000
1065.02	42.857
1065.43	200.000
1065.85	300.000
1066.26	-275.000
1066.68	315.385
1067.09	187.500
1067.50	210.000
1067.92	118.605
1068.33	143.182
1068.75	-550.000
1069.16	17.391
1069.58	29.412
1069.99	0.000
1070.40	0.000
1070.82	16.667
1071.23	-155.556
1071.65	275.000
1072.06	1600.000
1072.47	71.429
1072.89	23.810
1073.30	16.667
1073.72	15.152
1074.13	-46.667
1074.54	-87.500
1074.96	23.913
1075.37	15.789
1075.79	5.263
1076.20	57.895
1076.61	211.111
1077.03	-22.727
1077.44	-76.190
1077.85	-92.308
1078.27	126.316
1078.68	77.778
1079.09	275.000
1079.51	528.571
1079.92	181.250
1080.33	142.857
1080.75	20.000
1081.16	117.647
1081.57	54.545
1081.99	-400.000
1082.40	180.000
1082.81	200.000
1083.23	-15.789
1083.64	-400.000
1084.05	109.677
1084.47	28.571
1084.88	-1000.000
1085.29	100.000
1085.70	300.000
1086.12	-50.000
1086.53	-100.000
1086.94	93.548
1087.36	103.448
1087.77	35.294
1088.18	118.182
1088.59	59.375
1089.01	-900.000
1089.42	-180.000
1089.83	250.000
1090.24	105.714
1090.66	113.333
1091.07	25.806
1091.48	-700.000
1091.89	357.143
1092.31	-700.000
>>>>>End Processed Spectral Data<<<<<
